0100000101011000110001111101000100001001100110100110011001000010
1100110000101100001110111110111001010110000011011110110100101000
end0100000101011000110001111101000100001001100110100110011001000010
1100110000101100001110111110111001010110000011011110110100101000
end0100000101011000110001111101000100001001100110100110011001000010
1100110000101100001110111110111001010110000011011110110100101000
end0100000101011000110001111101000100001001100110100110011001000010
1100110000101100001110111110111001010110000011011110110100101000
end0100000101011000110001111101000100001001100110100110011001000010
1100110000101100001110111110111001010110000011011110110100101000
end0100000101011000110001111101000100001001100110100110011001000010
1100110000101100001110111110111001010110000011011110110100101000
end0100000101011000110001111101000100001001100110100110011001000010
1100110000101100001110111110111001010110000011011110110100101000
1001011001011111011101011100011110111011001011000011001001110001
1001000100000110011101100000101001110110011100010111010111111000
end0100000101011000110001111101000100001001100110100110011001000010
1100110000101100001110111110111001010110000011011110110100101000
1001011001011111011101011100011110111011001011000011001001110001
1001000100000110011101100000101001110110011100010111010111111000
1010011100110101101100001000101101110100100011010001010000001010
0101001011010101001010001100000000010000111101001001110010000101
end0100000101011000110001111101000100001001100110100110011001000010
1100110000101100001110111110111001010110000011011110110100101000
1001011001011111011101011100011110111011001011000011001001110001
1001000100000110011101100000101001110110011100010111010111111000
1010011100110101101100001000101101110100100011010001010000001010
0101001011010101001010001100000000010000111101001001110010000101
1100111111100000101110000000010111101011110101101000001111100110
1011000100001111100011101010001000101110001111001011000001111011
end